    alpha        CL         CD         CDi        CD0        CY         CM         Cl         Cn        L/D  
   -------     ------     ------     ------     ------     ------     ------     ------     ------    ------ 
     -8.00  -0.245687   0.081182  -0.005773   0.034638   0.094805   0.562959   0.117896  -0.145153  -3.026363
     -5.25   0.092492   0.084361  -0.001060   0.033104   0.095946   0.628248   0.094628  -0.160565   1.096388
     -5.00   0.124065   0.084534  -0.000833   0.033050   0.096046   0.629454   0.093569  -0.161547   1.467638
     -4.75   0.154873   0.084777  -0.000547   0.033007   0.096143   0.633336   0.092365  -0.162514   1.826838
     -4.50   0.185040   0.085043  -0.000262   0.032988   0.096241   0.639595   0.089723  -0.163498   2.175847
     -4.25   0.214946   0.085363   0.000070   0.032976   0.096337   0.646681   0.087133  -0.164456   2.518027
     -4.00   0.245069   0.085725   0.000435   0.032973   0.096433   0.652755   0.084438  -0.165418   2.858781
     -3.75   0.275230   0.086134   0.000835   0.032983   0.096530   0.658546   0.081417  -0.166376   3.195358
     -3.50   0.305578   0.086604   0.001287   0.033000   0.096628   0.663466   0.078477  -0.167333   3.528464
     -3.25   0.335606   0.087141   0.001794   0.033030   0.096727   0.669502   0.075531  -0.168266   3.851315
     -3.00   0.365877   0.087726   0.002340   0.033069   0.096828   0.674476   0.072401  -0.169209   4.170659
     -2.75   0.395776   0.088377   0.002940   0.033120   0.096929   0.680610   0.069243  -0.170121   4.478268
     -2.50   0.425986   0.089079   0.003589   0.033173   0.097030   0.685328   0.066450  -0.171013   4.782136
     -2.25   0.461457   0.098180   0.011346   0.034517   0.173958   0.681388   0.129439  -0.460029   4.700123
     -2.00   0.494036   0.099138   0.012252   0.034570   0.174262   0.676586   0.124034  -0.462119   4.983293
     -1.75   0.526709   0.100243   0.013297   0.034630   0.174541   0.671066   0.118946  -0.464118   5.254314
     -1.50   0.559238   0.101315   0.014300   0.034699   0.174792   0.665933   0.113581  -0.465945   5.519781
     -1.25   0.591840   0.102496   0.015404   0.034776   0.175005   0.660181   0.108190  -0.467627   5.774248
     -1.00   0.624303   0.103724   0.016548   0.034860   0.175185   0.654612   0.102956  -0.469151   6.018872
     -0.75   0.656911   0.104996   0.017729   0.034950   0.175326   0.648260   0.097505  -0.470515   6.256500
     -0.50   0.688862   0.106369   0.019005   0.035047   0.175422   0.644202   0.092446  -0.471643   6.476175
     -0.25   0.720709   0.107771   0.020302   0.035153   0.175476   0.640061   0.087339  -0.472606   6.687384
      0.00   0.752394   0.109226   0.021642   0.035268   0.175474   0.636241   0.082248  -0.473340   6.888392
      0.25   0.783822   0.110731   0.023024   0.035391   0.175416   0.633128   0.077151  -0.473839   7.078624
      0.50   0.815037   0.112259   0.024422   0.035520   0.175300   0.630708   0.072173  -0.474110   7.260355
      0.75   0.845956   0.113875   0.025896   0.035662   0.175113   0.629267   0.067553  -0.474110   7.428815
      1.00   0.875737   0.115478   0.027329   0.035833   0.174864   0.632014   0.063137  -0.473832   7.583565
      1.25   0.911158   0.116890   0.028690   0.035884   0.174539   0.612907   0.055901  -0.473498   7.794968
      1.50   0.948793   0.118550   0.030276   0.035957   0.174134   0.585284   0.047290  -0.472889   8.003302
      1.75   0.980513   0.120455   0.032067   0.036072   0.173646   0.580938   0.042541  -0.471660   8.140075
      2.00   1.015182   0.122688   0.034176   0.036195   0.173086   0.565668   0.036660  -0.470202   8.274502
      2.25   1.050099   0.124981   0.036323   0.036341   0.172436   0.549772   0.030376  -0.468392   8.402039
      2.50   1.084749   0.127427   0.038605   0.036505   0.171677   0.535515   0.024899  -0.466193   8.512715
      2.75   1.119409   0.130024   0.041028   0.036679   0.170816   0.522037   0.019667  -0.463579   8.609264
      3.00   1.155036   0.132749   0.043567   0.036866   0.169861   0.506007   0.014099  -0.460658   8.700880
      3.25   1.190591   0.135660   0.046272   0.037072   0.168810   0.490564   0.008423  -0.457247   8.776276
      3.50   1.225711   0.138687   0.049080   0.037291   0.167688   0.476046   0.002787  -0.453458   8.837956
      3.75   1.259784   0.141880   0.052043   0.037521   0.166416   0.466056  -0.001092  -0.449194   8.879193
      4.00   1.292603   0.145198   0.055109   0.037772   0.165034   0.460405  -0.004373  -0.444346   8.902328
      4.25   1.325968   0.148746   0.058397   0.038033   0.163563   0.454529  -0.007387  -0.439162   8.914314
      4.50   1.359155   0.152483   0.061853   0.038313   0.162008   0.449826  -0.010242  -0.433589   8.913490
      4.75   1.392007   0.156307   0.065371   0.038620   0.160437   0.443708  -0.014581  -0.427852   8.905574
      5.00   1.423449   0.160188   0.068922   0.038949   0.158761   0.440570  -0.017665  -0.421794   8.886115
      5.25   1.454493   0.164104   0.072487   0.039300   0.156891   0.436940  -0.018185  -0.415242   8.863249
      5.50   1.486767   0.168226   0.076216   0.039693   0.154983   0.432641  -0.020155  -0.408420   8.837927
      5.75   1.521920   0.172872   0.080427   0.040128   0.153061   0.415024  -0.024756  -0.401398   8.803737
      6.00   1.549407   0.177424   0.084448   0.040659   0.151039   0.422309  -0.024223  -0.393884   8.732818
      6.25   1.582166   0.182209   0.088753   0.041139   0.148963   0.407396  -0.026580  -0.386252   8.683270
      6.50   1.615199   0.186843   0.092916   0.041611   0.146793   0.389126  -0.029381  -0.378417   8.644671
