  
       MSES         Version 3.11
  
 Calculated polar for: naca65_210                      
  
 1 1 Reynolds number fixed          Mach number fixed         
  
 xtrf =   1.000 (top)        1.000 (bottom)  
 Mach =   0.170     Re =     5.170 e 6     Ncrit =   7.000  7.000
 pi_p =  1.0000     eta_p =    1.0000
  
   alpha    CL        CD       CM       CDw       CDv       CDp      Mach      Re      Top_Xtr  Bot_Xtr
  ------ -------- --------- -------- --------- --------- --------- ------- ---------- -------- --------
 -15.000   0.7553   0.02269  -0.4897   0.00000   0.02269   0.01889  0.1700  0.517E+07   0.8400   0.0091   0.8604   1.0108
 -14.800   0.7805   0.02249  -0.4911   0.00000   0.02249   0.01865  0.1700  0.517E+07   0.8400   0.0097   0.8606   1.0108
 -14.600   0.8048   0.02236  -0.4923   0.00000   0.02236   0.01848  0.1700  0.517E+07   0.8400   0.0103   0.8608   1.0108
 -14.400   0.8282   0.02228  -0.4933   0.00000   0.02228   0.01837  0.1700  0.517E+07   0.8400   0.0110   0.8609   1.0108
 -14.200   0.8511   0.02224  -0.4941   0.00000   0.02224   0.01831  0.1700  0.517E+07   0.8400   0.0116   0.8610   1.0108
 -14.000   0.8736   0.02223  -0.4948   0.00000   0.02223   0.01828  0.1700  0.517E+07   0.8400   0.0123   0.8610   1.0108
 -13.800   0.8959   0.02224  -0.4954   0.00000   0.02224   0.01828  0.1700  0.517E+07   0.8400   0.0129   0.8611   1.0108
 -13.600   0.9180   0.02226  -0.4959   0.00000   0.02226   0.01829  0.1700  0.517E+07   0.8400   0.0137   0.8611   1.0108
 -13.400   0.9399   0.02229  -0.4964   0.00000   0.02229   0.01832  0.1700  0.517E+07   0.8400   0.0146   0.8612   1.0108
 -13.200   0.9616   0.02234  -0.4968   0.00000   0.02234   0.01838  0.1700  0.517E+07   0.8400   0.0173   0.8612   1.0108
 -13.000   0.9831   0.02240  -0.4971   0.00000   0.02240   0.01844  0.1700  0.517E+07   0.8400   0.0181   0.8612   1.0108
 -12.800   1.0049   0.02244  -0.4975   0.00000   0.02244   0.01848  0.1700  0.517E+07   0.8400   0.0198   0.8612   1.0108
 -12.600   1.0264   0.02250  -0.4979   0.00000   0.02250   0.01856  0.1700  0.517E+07   0.8400   0.0225   0.8613   1.0108
 -12.400   1.0474   0.02259  -0.4980   0.00000   0.02259   0.01865  0.1700  0.517E+07   0.8400   0.0236   0.8612   1.0108
 -12.200   1.0688   0.02265  -0.4983   0.00000   0.02265   0.01873  0.1700  0.517E+07   0.8400   0.0268   0.8613   1.0108
 -12.000   1.0899   0.02274  -0.4985   0.00000   0.02274   0.01883  0.1700  0.517E+07   0.8400   0.0297   0.8613   1.0108
 -11.800   1.1110   0.02281  -0.4987   0.00000   0.02281   0.01892  0.1700  0.517E+07   0.8400   0.0355   0.8613   1.0108
 -11.600   1.1323   0.02286  -0.4990   0.00000   0.02286   0.01902  0.1700  0.517E+07   0.8400   0.0503   0.8613   1.0108
 -11.400   1.1537   0.02291  -0.4992   0.00000   0.02291   0.01913  0.1700  0.517E+07   0.8400   0.0751   0.8613   1.0108
 -11.200   1.1748   0.02296  -0.4994   0.00000   0.02296   0.01925  0.1700  0.517E+07   0.8400   0.1026   0.8614   1.0108
 -11.000   1.1956   0.02302  -0.4995   0.00000   0.02302   0.01939  0.1700  0.517E+07   0.8400   0.1334   0.8614   1.0108
 -10.800   1.1989   0.02408  -0.4955   0.00000   0.02408   0.02052  0.1700  0.517E+07   0.8400   0.1560   0.8613   1.0108
 -10.600   1.2198   0.02414  -0.4956   0.00000   0.02414   0.02065  0.1700  0.517E+07   0.8400   0.1898   0.8613   1.0108
 -10.400   1.2408   0.02419  -0.4957   0.00000   0.02419   0.02078  0.1700  0.517E+07   0.8400   0.2216   0.8613   1.0108
 -10.200   1.2617   0.02423  -0.4958   0.00000   0.02423   0.02092  0.1700  0.517E+07   0.8400   0.2666   0.8613   1.0108
 -10.000   1.2823   0.02430  -0.4958   0.00000   0.02430   0.02106  0.1700  0.517E+07   0.8400   0.2939   0.8613   1.0108
  -9.800   1.3027   0.02439  -0.4957   0.00000   0.02439   0.02120  0.1700  0.517E+07   0.8400   0.3201   0.8613   1.0108
  -9.600   1.3231   0.02447  -0.4956   0.00000   0.02447   0.02135  0.1700  0.517E+07   0.8400   0.3477   0.8613   1.0108
  -9.400   1.3433   0.02456  -0.4955   0.00000   0.02456   0.02151  0.1700  0.517E+07   0.8400   0.3765   0.8613   1.0108
  -9.200   1.3635   0.02467  -0.4953   0.00000   0.02467   0.02166  0.1700  0.517E+07   0.8400   0.3942   0.8612   1.0108
  -9.000   1.3836   0.02478  -0.4951   0.00000   0.02478   0.02181  0.1700  0.517E+07   0.8400   0.4070   0.8612   1.0108
  -8.800   1.4034   0.02492  -0.4949   0.00000   0.02492   0.02197  0.1700  0.517E+07   0.8400   0.4187   0.8612   1.0108
  -8.600   1.4233   0.02505  -0.4946   0.00000   0.02505   0.02214  0.1700  0.517E+07   0.8400   0.4294   0.8611   1.0108
  -8.400   1.4431   0.02518  -0.4943   0.00000   0.02518   0.02231  0.1700  0.517E+07   0.8400   0.4396   0.8611   1.0108
  -8.200   1.4625   0.02534  -0.4939   0.00000   0.02534   0.02250  0.1700  0.517E+07   0.8400   0.4494   0.8610   1.0108
  -8.000   1.4819   0.02550  -0.4935   0.00000   0.02550   0.02269  0.1700  0.517E+07   0.8400   0.4593   0.8610   1.0108
  -7.867   1.4947   0.02562  -0.4932   0.00000   0.02562   0.02283  0.1700  0.517E+07   0.8400   0.4654   0.8609   1.0108
  -7.733   1.5038   0.02802  -0.4921   0.00000   0.02802   0.02374  0.1700  0.517E+07   0.5784   0.4706   0.8605   1.0108
  -7.500   1.5594   0.02956  -0.4996   0.00000   0.02956   0.02303  0.1700  0.517E+07   0.0757   0.4827   0.8606   1.0108
  -7.400   1.5696   0.02972  -0.4995   0.00000   0.02972   0.02313  0.1700  0.517E+07   0.0591   0.4862   0.8606   1.0108
  -7.200   1.5899   0.03001  -0.4993   0.00000   0.03001   0.02334  0.1700  0.517E+07   0.0357   0.4924   0.8605   1.0108
  -7.000   1.6099   0.03024  -0.4990   0.00000   0.03024   0.02354  0.1700  0.517E+07   0.0291   0.4981   0.8605   1.0108
  -6.800   1.6296   0.03047  -0.4986   0.00000   0.03047   0.02375  0.1700  0.517E+07   0.0260   0.5033   0.8604   1.0108
  -6.600   1.6491   0.03070  -0.4982   0.00000   0.03070   0.02396  0.1700  0.517E+07   0.0237   0.5083   0.8603   1.0108
  -6.400   1.6684   0.03095  -0.4977   0.00000   0.03095   0.02420  0.1700  0.517E+07   0.0217   0.5130   0.8603   1.0108
  -6.267   1.6812   0.03111  -0.4973   0.00000   0.03111   0.02435  0.1700  0.517E+07   0.0204   0.5158   0.8602   1.0108
  -6.133   1.6731   0.03237  -0.4921   0.00000   0.03237   0.02564  0.1700  0.517E+07   0.0199   0.5173   0.8600   1.0108
  -6.000   1.6859   0.03253  -0.4918   0.00000   0.03253   0.02580  0.1700  0.517E+07   0.0188   0.5203   0.8600   1.0108
  -5.800   1.7044   0.03281  -0.4911   0.00000   0.03281   0.02607  0.1700  0.517E+07   0.0170   0.5241   0.8599   1.0108
  -5.600   1.7233   0.03306  -0.4905   0.00000   0.03306   0.02631  0.1700  0.517E+07   0.0155   0.5279   0.8598   1.0108
  -5.400   1.7422   0.03333  -0.4899   0.00000   0.03333   0.02656  0.1700  0.517E+07   0.0139   0.5315   0.8598   1.0108
  -5.200   1.7611   0.03359  -0.4893   0.00000   0.03359   0.02681  0.1700  0.517E+07   0.0129   0.5348   0.8597   1.0108
  -5.000   1.7797   0.03386  -0.4886   0.00000   0.03386   0.02709  0.1700  0.517E+07   0.0122   0.5380   0.8596   1.0108
  -4.800   1.7988   0.03412  -0.4879   0.00000   0.03412   0.02734  0.1700  0.517E+07   0.0114   0.5411   0.8596   1.0108
  -4.600   1.8192   0.03431  -0.4877   0.00000   0.03431   0.02753  0.1700  0.517E+07   0.0108   0.5440   0.8595   1.0108
  -4.400   1.8396   0.03450  -0.4874   0.00000   0.03450   0.02771  0.1700  0.517E+07   0.0104   0.5471   0.8595   1.0108
  -4.200   1.8600   0.03470  -0.4870   0.00000   0.03470   0.02792  0.1700  0.517E+07   0.0102   0.5497   0.8595   1.0108
  -4.000   1.8804   0.03491  -0.4867   0.00000   0.03491   0.02812  0.1700  0.517E+07   0.0098   0.5526   0.8595   1.0108
  -3.800   1.9008   0.03512  -0.4864   0.00000   0.03512   0.02834  0.1700  0.517E+07   0.0094   0.5551   0.8594   1.0108
  -3.600   1.9213   0.03534  -0.4861   0.00000   0.03534   0.02856  0.1700  0.517E+07   0.0090   0.5578   0.8594   1.0108
  -3.400   1.9418   0.03557  -0.4858   0.00000   0.03557   0.02880  0.1700  0.517E+07   0.0085   0.5604   0.8594   1.0108
  -3.200   1.9616   0.03572  -0.4853   0.00000   0.03572   0.02895  0.1700  0.517E+07   0.0087   0.5629   0.8593   1.0108
  -3.000   1.9819   0.03594  -0.4849   0.00000   0.03594   0.02917  0.1700  0.517E+07   0.0085   0.5656   0.8593   1.0108
  -2.800   2.0023   0.03617  -0.4846   0.00000   0.03617   0.02942  0.1700  0.517E+07   0.0082   0.5679   0.8593   1.0108
  -2.600   2.0228   0.03642  -0.4842   0.00000   0.03642   0.02968  0.1700  0.517E+07   0.0079   0.5704   0.8592   1.0108
  -2.400   2.0434   0.03664  -0.4839   0.00000   0.03664   0.02992  0.1700  0.517E+07   0.0075   0.5729   0.8592   1.0108
  -2.200   2.0632   0.03681  -0.4834   0.00000   0.03681   0.03010  0.1700  0.517E+07   0.0074   0.5750   0.8591   1.0108
  -2.000   2.0832   0.03704  -0.4829   0.00000   0.03704   0.03034  0.1700  0.517E+07   0.0072   0.5775   0.8591   1.0108
  -1.800   2.1037   0.03726  -0.4826   0.00000   0.03726   0.03058  0.1700  0.517E+07   0.0070   0.5796   0.8591   1.0108
  -1.711   2.1134   0.03742  -0.4825   0.00000   0.03742   0.03077  0.1700  0.517E+07   0.0068   0.5806   0.8590   1.0108
  -1.400   2.1463   0.03774  -0.4821   0.00000   0.03774   0.03117  0.1700  0.517E+07   0.0060   0.5842   0.8589   1.0108
  -1.200   2.1658   0.03781  -0.4815   0.00000   0.03781   0.03124  0.1700  0.517E+07   0.0060   0.5863   0.8589   1.0108
  -1.000   2.1887   0.03795  -0.4817   0.00000   0.03795   0.03146  0.1700  0.517E+07   0.0061   0.5885   0.8589   1.0108
  -0.400   2.2412   0.03931  -0.4786   0.00000   0.03931   0.03258  0.1700  0.517E+07   0.0045   0.5949   0.8587   1.0108
  -0.200   2.2565   0.03977  -0.4772   0.00000   0.03977   0.03284  0.1700  0.517E+07   0.0053   0.5972   0.8587   1.0108
  -0.067   2.2656   0.04038  -0.4759   0.00000   0.04038   0.03331  0.1700  0.517E+07   0.0050   0.5984   0.8586   1.0108
   0.000   2.2688   0.04056  -0.4750   0.00000   0.04056   0.03350  0.1700  0.517E+07   0.0047   0.5990   0.8586   1.0108
   0.133   2.2469   0.04252  -0.4667   0.00000   0.04252   0.03551  0.1700  0.517E+07   0.0048   0.5992   0.8583   1.0108
   0.222   2.2541   0.04292  -0.4661   0.00000   0.04292   0.03585  0.1700  0.517E+07   0.0045   0.6001   0.8583   1.0108
   0.311   2.2614   0.04337  -0.4655   0.00000   0.04337   0.03624  0.1700  0.517E+07   0.0042   0.6011   0.8583   1.0108
   0.400   2.2687   0.04377  -0.4649   0.00000   0.04377   0.03657  0.1700  0.517E+07   0.0039   0.6021   0.8582   1.0108
   0.600   2.2828   0.04431  -0.4631   0.00000   0.04431   0.03683  0.1700  0.517E+07   0.0034   0.6041   0.8582   1.0108
   0.733   2.2915   0.04484  -0.4617   0.00000   0.04484   0.03726  0.1700  0.517E+07   0.0030   0.6053   0.8582   1.0108
   1.000   2.2220   0.05061  -0.4396   0.00000   0.05061   0.04342  0.1700  0.517E+07   0.0035   0.6045   0.8575   1.0108
