   -176.3    0.0185    0.0698    0.0000   -0.6003 
   -172.7    0.2282    0.1043    0.0000   -0.2137 
   -169.0    0.3359    0.1555    0.0000    0.1349 
   -165.3    0.3681    0.2216    0.0000    0.3053 
   -161.6    0.3735    0.3009    0.0000    0.1836 
   -158.0    0.3986    0.3914    0.0000   -0.1502 
   -154.3    0.4553    0.4908    0.0000   -0.5300 
   -150.6    0.5325    0.5969    0.0000   -0.7892 
   -146.9    0.6184    0.7072    0.0000   -0.7883 
   -143.3    0.7011    0.8195    0.0000   -0.5695 
   -139.6    0.7690    0.9314    0.0000   -0.2486 
   -135.9    0.8102    1.0408    0.0000    0.0581 
   -132.2    0.8177    1.1458    0.0000    0.2440 
   -128.6    0.7953    1.2459    0.0000    0.2974 
   -124.9    0.7483    1.3402    0.0000    0.2611 
   -121.2    0.6820    1.4281    0.0000    0.1782 
   -117.6    0.6015    1.5090    0.0000    0.0914 
   -113.9    0.5122    1.5822    0.0000    0.0244 
   -110.2    0.4189    1.6469    0.0000   -0.0215 
   -106.5    0.3239    1.7026    0.0000   -0.0463 
   -102.9    0.2276    1.7486    0.0000   -0.0502 
    -99.2    0.1308    1.7841    0.0000   -0.0382 
    -95.5    0.0341    1.8086    0.0000   -0.0205 
    -91.8   -0.0619    1.8214    0.0000   -0.0077 
    -88.2   -0.1571    1.8226    0.0000   -0.0097 
    -84.5   -0.2518    1.8124    0.0000   -0.0239 
    -80.8   -0.3464    1.7912    0.0000   -0.0351 
    -77.1   -0.4415    1.7592    0.0000   -0.0275 
    -73.5   -0.5373    1.7166    0.0000    0.0144 
    -69.8   -0.6345    1.6636    0.0000    0.0923 
    -66.1   -0.7334    1.6006    0.0000    0.1895 
    -62.4   -0.8328    1.5278    0.0000    0.2876 
    -58.8   -0.9269    1.4455    0.0000    0.3685 
    -55.1   -1.0087    1.3542    0.0000    0.4196 
    -51.4   -1.0718    1.2549    0.0000    0.4398 
    -47.8   -1.1092    1.1483    0.0000    0.4291 
    -44.1   -1.1142    1.0353    0.0000    0.3875 
    -40.4   -1.0802    0.9167    0.0000    0.3193 
    -36.7   -1.0003    0.7946    0.0000    0.2410 
    -33.1   -0.8679    0.6718    0.0000    0.1708 
    -29.4   -0.6842    0.5510    0.0000    0.1270 
    -25.7   -0.4985    0.4348    0.0000    0.1228 
    -22.0   -0.3772    0.3260    0.0000    0.1516 
    -18.4   -0.3872    0.2272    0.0000    0.2024 
    -14.7   -0.5420    0.1412    0.0000    0.2640 
    -11.0   -0.6292    0.0707    0.0000    0.3252 
     -7.3   -0.4977    0.0183    0.0000    0.3748 
     -3.7   -0.1642   -0.0133    0.0000    0.4018 
      0.0    0.2778    0.0172    0.0000    0.3949 
      0.0    0.1884   -0.0213    0.0000    0.3949 
      3.7    0.5252    0.0067    0.0000    0.3302 
      7.3    0.7766    0.0271    0.0000    0.3007 
     11.0    1.0234    0.0748    0.0000    0.2959 
     14.7    1.1443    0.1461    0.0000    0.3052 
     18.4    1.1554    0.2374    0.0000    0.3179 
     22.0    1.1137    0.3448    0.0000    0.3236 
     25.7    1.0751    0.4648    0.0000    0.3116 
     29.4    1.0647    0.5936    0.0000    0.2713 
     33.1    1.0739    0.7276    0.0000    0.1954 
     36.7    1.0929    0.8630    0.0000    0.0975 
     40.4    1.1115    0.9962    0.0000   -0.0001 
     44.1    1.1198    1.1235    0.0000   -0.0753 
     47.8    1.1076    1.2419    0.0000   -0.1069 
     51.4    1.0683    1.3507    0.0000   -0.0952 
     55.1    1.0078    1.4499    0.0000   -0.0585 
     58.8    0.9347    1.5395    0.0000   -0.0159 
     62.4    0.8578    1.6193    0.0000    0.0151 
     66.1    0.7857    1.6892    0.0000    0.0315 
     69.8    0.7219    1.7492    0.0000    0.0379 
     73.5    0.6545    1.7992    0.0000    0.0386 
     77.1    0.5688    1.8392    0.0000    0.0381 
     80.8    0.4503    1.8690    0.0000    0.0385 
     84.5    0.2842    1.8886    0.0000    0.0390 
     88.2    0.0617    1.8982    0.0000    0.0388 
     91.8   -0.1970    1.8977    0.0000    0.0374 
     95.5   -0.4633    1.8872    0.0000    0.0397 
     99.2   -0.7082    1.8667    0.0000    0.0559 
    102.9   -0.9030    1.8364    0.0000    0.0968 
    106.5   -1.0262    1.7963    0.0000    0.1715 
    110.2   -1.0846    1.7464    0.0000    0.2630 
    113.9   -1.0917    1.6867    0.0000    0.3298 
    117.6   -1.0610    1.6173    0.0000    0.3297 
    121.2   -1.0060    1.5385    0.0000    0.2206 
    124.9   -0.9402    1.4509    0.0000   -0.0050 
    128.6   -0.8772    1.3552    0.0000   -0.2885 
    132.2   -0.8264    1.2523    0.0000   -0.5643 
    135.9   -0.7892    1.1428    0.0000   -0.7670 
    139.6   -0.7658    1.0275    0.0000   -0.8620 
    143.3   -0.7567    0.9071    0.0000   -0.8689 
    146.9   -0.7622    0.7825    0.0000   -0.8127 
    150.6   -0.7826    0.6550    0.0000   -0.7183 
    154.3   -0.8181    0.5287    0.0000   -0.6122 
    158.0   -0.8603    0.4083    0.0000   -0.5261 
    161.6   -0.8887    0.2989    0.0000   -0.4930 
    165.3   -0.8817    0.2052    0.0000   -0.5461 
    169.0   -0.8181    0.1320    0.0000   -0.6943 
    172.7   -0.6862    0.0830    0.0000   -0.8624 
    176.3   -0.4916    0.0574    0.0000   -0.9569 
    180.0   -0.2433    0.0536    0.0000   -0.8846 
