  
       MSES         Version 3.11
  
 Calculated polar for: NACA 23018                      
  
 1 1 Reynolds number fixed          Mach number fixed         
  
 xtrf =   1.000 (top)        1.000 (bottom)  
 Mach =   0.200     Re =     3.000 e 6     Ncrit =   9.000  9.000
 pi_p =  1.0000     eta_p =    1.0000
  
   alpha    CL        CD       CM       CDw       CDv       CDp      Mach      Re      Top_Xtr  Bot_Xtr
  ------ -------- --------- -------- --------- --------- --------- ------- ---------- -------- --------
  -5.000   0.8652   0.01278  -0.2857   0.00000   0.01278   0.00725  0.2000  0.300E+07   0.3812   0.4326   0.8905   1.0612
  -4.500   0.9272   0.01336  -0.2870   0.00000   0.01336   0.00760  0.2000  0.300E+07   0.3274   0.4503   0.8903   1.0612
  -4.000   0.9888   0.01397  -0.2883   0.00000   0.01397   0.00796  0.2000  0.300E+07   0.2725   0.4660   0.8901   1.0612
  -3.500   1.0507   0.01447  -0.2895   0.00000   0.01447   0.00830  0.2000  0.300E+07   0.2398   0.4824   0.8899   1.0612
  -3.000   1.1130   0.01483  -0.2907   0.00000   0.01483   0.00860  0.2000  0.300E+07   0.2259   0.4998   0.8896   1.0612
  -2.000   1.2395   0.01539  -0.2935   0.00000   0.01539   0.00913  0.2000  0.300E+07   0.2101   0.5374   0.8893   1.0612
  -1.500   1.3027   0.01564  -0.2949   0.00000   0.01564   0.00939  0.2000  0.300E+07   0.2039   0.5588   0.8892   1.0612
  -1.000   1.3657   0.01588  -0.2962   0.00000   0.01588   0.00966  0.2000  0.300E+07   0.1982   0.5822   0.8890   1.0612
  -0.500   1.4285   0.01612  -0.2975   0.00000   0.01612   0.00993  0.2000  0.300E+07   0.1928   0.6084   0.8889   1.0612
   0.000   1.4911   0.01635  -0.2987   0.00000   0.01635   0.01021  0.2000  0.300E+07   0.1877   0.6445   0.8887   1.0612
   0.500   1.5536   0.01675  -0.2999   0.00000   0.01675   0.01063  0.2000  0.300E+07   0.1827   0.7000   0.8886   1.0612
   1.000   1.6156   0.01698  -0.3009   0.00000   0.01698   0.01081  0.2000  0.300E+07   0.1775   0.7000   0.8884   1.0612
   1.500   1.6773   0.01722  -0.3019   0.00000   0.01722   0.01100  0.2000  0.300E+07   0.1717   0.7000   0.8882   1.0612
   2.000   1.7387   0.01748  -0.3028   0.00000   0.01748   0.01121  0.2000  0.300E+07   0.1659   0.7000   0.8881   1.0612
   2.500   1.7999   0.01775  -0.3036   0.00000   0.01775   0.01144  0.2000  0.300E+07   0.1610   0.7000   0.8879   1.0612
   3.000   1.8606   0.01805  -0.3043   0.00000   0.01805   0.01170  0.2000  0.300E+07   0.1560   0.7000   0.8878   1.0612
   3.500   1.9211   0.01835  -0.3050   0.00000   0.01835   0.01196  0.2000  0.300E+07   0.1506   0.7000   0.8876   1.0612
   4.000   1.9812   0.01867  -0.3055   0.00000   0.01867   0.01225  0.2000  0.300E+07   0.1451   0.7000   0.8875   1.0612
   4.500   2.0408   0.01903  -0.3060   0.00000   0.01903   0.01257  0.2000  0.300E+07   0.1389   0.7000   0.8873   1.0612
   5.000   2.0999   0.01944  -0.3063   0.00000   0.01944   0.01293  0.2000  0.300E+07   0.1322   0.7000   0.8872   1.0612
   5.500   2.1585   0.01989  -0.3066   0.00000   0.01989   0.01333  0.2000  0.300E+07   0.1252   0.7000   0.8870   1.0612
   6.000   2.2164   0.02037  -0.3067   0.00000   0.02037   0.01375  0.2000  0.300E+07   0.1179   0.7000   0.8868   1.0612
   6.500   2.2738   0.02091  -0.3066   0.00000   0.02091   0.01422  0.2000  0.300E+07   0.1103   0.7000   0.8867   1.0612
   7.000   2.3308   0.02146  -0.3065   0.00000   0.02146   0.01470  0.2000  0.300E+07   0.1023   0.7000   0.8865   1.0612
   7.500   2.3870   0.02211  -0.3062   0.00000   0.02211   0.01527  0.2000  0.300E+07   0.0938   0.7000   0.8862   1.0612
   7.833   2.4240   0.02257  -0.3060   0.00000   0.02257   0.01568  0.2000  0.300E+07   0.0883   0.7000   0.8861   1.0612
   8.500   2.4992   0.02354  -0.3057   0.00000   0.02354   0.01656  0.2000  0.300E+07   0.0782   0.7000   0.8859   1.0612
   9.000   2.5551   0.02431  -0.3055   0.00000   0.02431   0.01727  0.2000  0.300E+07   0.0714   0.7000   0.8858   1.0612
   9.500   2.6104   0.02508  -0.3051   0.00000   0.02508   0.01801  0.2000  0.300E+07   0.0657   0.7000   0.8857   1.0612
  10.000   2.6651   0.02588  -0.3046   0.00000   0.02588   0.01878  0.2000  0.300E+07   0.0611   0.7000   0.8856   1.0612
  10.500   2.7194   0.02667  -0.3040   0.00000   0.02667   0.01956  0.2000  0.300E+07   0.0571   0.7000   0.8854   1.0612
  11.000   2.7724   0.02755  -0.3032   0.00000   0.02755   0.02042  0.2000  0.300E+07   0.0532   0.7000   0.8853   1.0612
  11.500   2.8247   0.02846  -0.3022   0.00000   0.02846   0.02132  0.2000  0.300E+07   0.0498   0.7000   0.8851   1.0612
  12.000   2.8758   0.02944  -0.3011   0.00000   0.02944   0.02230  0.2000  0.300E+07   0.0463   0.7000   0.8849   1.0612
  12.500   2.9253   0.03054  -0.2996   0.00000   0.03054   0.02339  0.2000  0.300E+07   0.0427   0.7000   0.8847   1.0612
  13.000   2.9738   0.03167  -0.2980   0.00000   0.03167   0.02453  0.2000  0.300E+07   0.0396   0.7000   0.8845   1.0612
  13.500   3.0209   0.03285  -0.2962   0.00000   0.03285   0.02572  0.2000  0.300E+07   0.0368   0.7000   0.8843   1.0612
  14.000   3.0663   0.03409  -0.2940   0.00000   0.03409   0.02699  0.2000  0.300E+07   0.0342   0.7000   0.8840   1.0612
  14.500   3.1103   0.03536  -0.2916   0.00000   0.03536   0.02830  0.2000  0.300E+07   0.0321   0.7000   0.8838   1.0612
  15.000   3.1497   0.03688  -0.2885   0.00000   0.03688   0.02986  0.2000  0.300E+07   0.0303   0.7000   0.8835   1.0612
  15.500   3.1820   0.03881  -0.2842   0.00000   0.03881   0.03183  0.2000  0.300E+07   0.0283   0.7000   0.8832   1.0612
  16.000   3.2162   0.04024  -0.2802   0.00000   0.04024   0.03334  0.2000  0.300E+07   0.0269   0.7000   0.8828   1.0612
  16.500   3.2429   0.04223  -0.2750   0.00000   0.04223   0.03541  0.2000  0.300E+07   0.0258   0.7000   0.8825   1.0612
  17.000   3.2575   0.04480  -0.2682   0.00000   0.04480   0.03808  0.2000  0.300E+07   0.0243   0.7000   0.8820   1.0612
  17.500   3.2873   0.04632  -0.2636   0.00000   0.04632   0.03969  0.2000  0.300E+07   0.0235   0.7000   0.8817   1.0612
  18.000   3.2790   0.04919  -0.2530   0.00000   0.04919   0.04269  0.2000  0.300E+07   0.0228   0.7000   0.8810   1.0612
  18.500   3.2541   0.05286  -0.2404   0.00000   0.05286   0.04649  0.2000  0.300E+07   0.0220   0.7000   0.8802   1.0612
  18.833   3.2265   0.05599  -0.2311   0.00000   0.05599   0.04972  0.2000  0.300E+07   0.0216   0.7000   0.8796   1.0612
  19.167   3.1956   0.05967  -0.2221   0.00000   0.05967   0.05351  0.2000  0.300E+07   0.0212   0.7000   0.8790   1.0612
  19.500   3.1493   0.06452  -0.2124   0.00000   0.06452   0.05852  0.2000  0.300E+07   0.0212   0.7000   0.8783   1.0612
