  
       MSES         Version 3.11
  
 Calculated polar for: slottedNACA23017def0            
  
 1 1 Reynolds number fixed          Mach number fixed         
  
 xtrf =   1.000 (top)        1.000 (bottom)  
 Mach =   0.100     Re =     2.300 e 6     Ncrit =   9.000  9.000
 pi_p =  1.0000     eta_p =    1.0000
  
   alpha    CL        CD       CM       CDw       CDv       CDp      Mach      Re      Top_Xtr  Bot_Xtr
  ------ -------- --------- -------- --------- --------- --------- ------- ---------- -------- --------
 -15.000   0.4313   0.03422  -0.3714   0.00000   0.03422   0.02969  0.1000  0.230E+07   0.7133   0.1137   0.8014   0.9570
 -14.500   0.4831   0.03439  -0.3720   0.00000   0.03439   0.02992  0.1000  0.230E+07   0.7133   0.1274   0.8014   0.9570
 -14.000   0.5343   0.03463  -0.3723   0.00000   0.03463   0.03020  0.1000  0.230E+07   0.7133   0.1413   0.8013   0.9570
 -13.500   0.5856   0.03485  -0.3727   0.00000   0.03485   0.03047  0.1000  0.230E+07   0.7133   0.1555   0.8013   0.9570
 -13.000   0.6367   0.03510  -0.3729   0.00000   0.03510   0.03076  0.1000  0.230E+07   0.7133   0.1712   0.8013   0.9570
 -12.500   0.6868   0.03539  -0.3728   0.00000   0.03539   0.03112  0.1000  0.230E+07   0.7133   0.1875   0.8011   0.9570
 -12.000   0.7372   0.03566  -0.3727   0.00000   0.03566   0.03144  0.1000  0.230E+07   0.7133   0.2041   0.8010   0.9570
 -11.667   0.7712   0.03582  -0.3727   0.00000   0.03582   0.03163  0.1000  0.230E+07   0.7133   0.2157   0.8010   0.9570
 -11.333   0.8038   0.03609  -0.3724   0.00000   0.03609   0.03194  0.1000  0.230E+07   0.7133   0.2265   0.8009   0.9570
 -11.000   0.8354   0.03643  -0.3719   0.00000   0.03643   0.03233  0.1000  0.230E+07   0.7133   0.2374   0.8007   0.9570
 -10.500   0.8839   0.03687  -0.3713   0.00000   0.03687   0.03283  0.1000  0.230E+07   0.7133   0.2544   0.8005   0.9570
 -10.000   0.9329   0.03727  -0.3707   0.00000   0.03727   0.03330  0.1000  0.230E+07   0.7133   0.2710   0.8003   0.9570
  -9.500   0.9821   0.03764  -0.3701   0.00000   0.03764   0.03373  0.1000  0.230E+07   0.7133   0.2873   0.8001   0.9570
  -9.000   1.0314   0.03799  -0.3695   0.00000   0.03799   0.03414  0.1000  0.230E+07   0.7133   0.3036   0.8000   0.9570
  -8.500   1.0811   0.03831  -0.3688   0.00000   0.03831   0.03453  0.1000  0.230E+07   0.7133   0.3196   0.7998   0.9570
  -8.000   1.1309   0.03861  -0.3682   0.00000   0.03861   0.03489  0.1000  0.230E+07   0.7133   0.3355   0.7997   0.9570
  -7.500   1.1807   0.03889  -0.3675   0.00000   0.03889   0.03524  0.1000  0.230E+07   0.7133   0.3513   0.7996   0.9570
  -7.000   1.2320   0.03921  -0.3668   0.00000   0.03921   0.03562  0.1000  0.230E+07   0.7111   0.3669   0.7995   0.9570
  -6.500   1.2842   0.03946  -0.3659   0.00000   0.03946   0.03594  0.1000  0.230E+07   0.7050   0.3822   0.7994   0.9570
  -6.000   1.3356   0.03954  -0.3651   0.00000   0.03954   0.03608  0.1000  0.230E+07   0.6911   0.3973   0.7993   0.9570
  -5.500   1.3785   0.04015  -0.3622   0.00000   0.04015   0.03614  0.1000  0.230E+07   0.5824   0.4111   0.7986   0.9570
  -5.000   1.4281   0.04105  -0.3617   0.00000   0.04105   0.03647  0.1000  0.230E+07   0.4837   0.4261   0.7985   0.9570
  -4.500   1.4792   0.04165  -0.3612   0.00000   0.04165   0.03670  0.1000  0.230E+07   0.4166   0.4412   0.7984   0.9570
  -4.000   1.5310   0.04212  -0.3608   0.00000   0.04212   0.03690  0.1000  0.230E+07   0.3637   0.4563   0.7983   0.9570
  -3.667   1.5660   0.04240  -0.3606   0.00000   0.04240   0.03700  0.1000  0.230E+07   0.3309   0.4665   0.7983   0.9570
  -3.062   1.6229   0.04338  -0.3589   0.00000   0.04338   0.03773  0.1000  0.230E+07   0.2788   0.4855   0.7982   0.9570
  -2.901   1.6377   0.04365  -0.3584   0.00000   0.04365   0.03794  0.1000  0.230E+07   0.2669   0.4908   0.7982   0.9570
  -2.741   1.6527   0.04392  -0.3579   0.00000   0.04392   0.03815  0.1000  0.230E+07   0.2553   0.4965   0.7981   0.9570
  -2.500   1.6751   0.04431  -0.3571   0.00000   0.04431   0.03846  0.1000  0.230E+07   0.2387   0.5057   0.7981   0.9570
  -2.000   1.7208   0.04517  -0.3554   0.00000   0.04517   0.03920  0.1000  0.230E+07   0.2073   0.5296   0.7980   0.9570
  -1.500   1.7593   0.04659  -0.3523   0.00000   0.04659   0.04055  0.1000  0.230E+07   0.1803   0.5499   0.7977   0.9570
  -1.000   1.7993   0.04782  -0.3493   0.00000   0.04782   0.04168  0.1000  0.230E+07   0.1565   0.5594   0.7973   0.9570
  -0.500   1.8412   0.04886  -0.3467   0.00000   0.04886   0.04262  0.1000  0.230E+07   0.1362   0.5679   0.7970   0.9570
   0.000   1.8858   0.04967  -0.3447   0.00000   0.04967   0.04331  0.1000  0.230E+07   0.1186   0.5750   0.7968   0.9570
   0.500   1.9325   0.05031  -0.3430   0.00000   0.05031   0.04383  0.1000  0.230E+07   0.1038   0.5750   0.7967   0.9570
   1.000   1.9794   0.05091  -0.3413   0.00000   0.05091   0.04432  0.1000  0.230E+07   0.0916   0.5750   0.7966   0.9570
   1.500   2.0263   0.05148  -0.3397   0.00000   0.05148   0.04480  0.1000  0.230E+07   0.0816   0.5750   0.7965   0.9570
   2.000   2.0732   0.05205  -0.3380   0.00000   0.05205   0.04527  0.1000  0.230E+07   0.0729   0.5750   0.7964   0.9570
   2.500   2.1198   0.05262  -0.3362   0.00000   0.05262   0.04577  0.1000  0.230E+07   0.0656   0.5750   0.7963   0.9570
   3.000   2.1657   0.05322  -0.3343   0.00000   0.05322   0.04630  0.1000  0.230E+07   0.0595   0.5750   0.7962   0.9570
   3.500   2.2111   0.05382  -0.3323   0.00000   0.05382   0.04684  0.1000  0.230E+07   0.0541   0.5750   0.7961   0.9570
   4.000   2.2570   0.05437  -0.3303   0.00000   0.05437   0.04735  0.1000  0.230E+07   0.0498   0.5750   0.7960   0.9570
   4.500   2.3032   0.05492  -0.3285   0.00000   0.05492   0.04784  0.1000  0.230E+07   0.0457   0.5750   0.7959   0.9570
   5.000   2.3495   0.05547  -0.3266   0.00000   0.05547   0.04834  0.1000  0.230E+07   0.0424   0.5750   0.7958   0.9570
   5.500   2.3959   0.05594  -0.3247   0.00000   0.05594   0.04879  0.1000  0.230E+07   0.0396   0.5750   0.7957   0.9570
   6.000   2.4426   0.05642  -0.3229   0.00000   0.05642   0.04924  0.1000  0.230E+07   0.0370   0.5750   0.7957   0.9570
   6.500   2.4893   0.05694  -0.3211   0.00000   0.05694   0.04972  0.1000  0.230E+07   0.0346   0.5750   0.7956   0.9570
   7.000   2.5356   0.05747  -0.3192   0.00000   0.05747   0.05021  0.1000  0.230E+07   0.0324   0.5750   0.7955   0.9570
   7.500   2.5819   0.05784  -0.3172   0.00000   0.05784   0.05059  0.1000  0.230E+07   0.0309   0.5750   0.7954   0.9570
   8.000   2.6279   0.05837  -0.3153   0.00000   0.05837   0.05110  0.1000  0.230E+07   0.0294   0.5750   0.7954   0.9570
   8.500   2.6732   0.05912  -0.3132   0.00000   0.05912   0.05182  0.1000  0.230E+07   0.0275   0.5750   0.7953   0.9570
   9.000   2.7194   0.05941  -0.3113   0.00000   0.05941   0.05212  0.1000  0.230E+07   0.0265   0.5750   0.7952   0.9570
   9.500   2.7646   0.06014  -0.3092   0.00000   0.06014   0.05283  0.1000  0.230E+07   0.0252   0.5750   0.7952   0.9570
  10.000   2.8101   0.06065  -0.3072   0.00000   0.06065   0.05333  0.1000  0.230E+07   0.0240   0.5750   0.7951   0.9570
  10.500   2.8552   0.06134  -0.3051   0.00000   0.06134   0.05403  0.1000  0.230E+07   0.0231   0.5750   0.7950   0.9570
  11.000   2.9008   0.06185  -0.3030   0.00000   0.06185   0.05454  0.1000  0.230E+07   0.0221   0.5750   0.7950   0.9570
  11.500   2.9458   0.06275  -0.3010   0.00000   0.06275   0.05545  0.1000  0.230E+07   0.0212   0.5750   0.7950   0.9570
  12.000   2.9917   0.06305  -0.2989   0.00000   0.06305   0.05577  0.1000  0.230E+07   0.0207   0.5750   0.7950   0.9570
  12.500   3.0326   0.06455  -0.2963   0.00000   0.06455   0.05727  0.1000  0.230E+07   0.0193   0.5750   0.7949   0.9570
  13.000   3.0781   0.06471  -0.2942   0.00000   0.06471   0.05745  0.1000  0.230E+07   0.0192   0.5750   0.7949   0.9570
